# VMTK 中心线提取结果（扩展后）
# 源文件: data/output-centerline/vessel_centerline_extended_centerlines.vtp
# 点数: 640
# 线段数: 1
# 格式: 点ID X Y Z [半径]
0 -0.000000 -48.000000 0.000000
1 0.000000 -48.000000 -25.000000
2 0.000000 -48.000000 -25.000000
3 0.000000 -48.000000 -25.000000
4 0.000001 -48.000000 -25.000000
5 0.000001 -48.000000 -25.000000
6 0.000001 -48.000000 -25.101795
7 0.000013 -48.000015 -50.448868
8 0.000007 -48.000000 -50.448879
9 0.000006 -47.999992 -50.448914
10 0.000000 -47.999943 -50.449287
11 0.000000 -47.989243 -50.530849
12 -0.000000 -47.981316 -50.921570
13 -0.000206 -47.981304 -50.922695
14 0.000000 -47.980156 -50.979015
15 -0.000000 -47.980156 -50.979015
16 -0.000000 -47.980145 -50.979458
17 -0.000000 -47.979721 -50.989010
18 0.000000 -47.979652 -50.990601
19 -0.000000 -47.979622 -50.991333
20 -0.000000 -47.979588 -50.992180
21 -0.000000 -47.970772 -51.191242
22 0.000000 -47.968128 -51.250950
23 0.000000 -47.962524 -51.377476
24 -0.000000 -47.962498 -51.378082
25 0.000000 -47.960293 -51.427883
26 0.000000 -47.960133 -51.430008
27 -0.000000 -47.920609 -51.957413
28 -0.000002 -47.920452 -51.959175
29 -0.000012 -47.883224 -52.378601
30 -0.000002 -47.881763 -52.395222
31 0.000000 -47.880943 -52.404465
32 0.000000 -47.821487 -52.932140
33 0.000009 -47.762089 -53.376999
34 0.000008 -47.762085 -53.377007
35 0.000021 -47.700352 -53.786484
36 0.000014 -47.682934 -53.902107
37 0.000012 -47.682938 -53.902149
38 0.000014 -47.682884 -53.902813
39 0.000137 -47.681328 -53.921906
40 0.000138 -47.673153 -54.022243
41 0.000000 -47.604248 -54.342373
42 -0.000054 -47.601990 -54.357224
43 -0.000000 -47.505165 -54.866001
44 0.000179 -47.504528 -54.872108
45 0.000210 -47.504406 -54.873306
46 0.001104 -47.501244 -54.903530
47 0.000005 -47.406731 -55.303429
48 0.000017 -47.346977 -55.565231
49 0.000017 -47.346859 -55.565746
50 0.000025 -47.317528 -55.694267
51 0.000016 -47.298378 -55.778152
52 0.000013 -47.298351 -55.778217
53 0.000006 -47.298294 -55.778366
54 0.000839 -47.282932 -55.819901
55 0.000000 -47.171902 -56.249985
56 -0.000019 -47.171478 -56.251656
57 -0.000013 -47.170887 -56.253952
58 -0.000016 -47.165085 -56.275295
59 -0.000022 -47.164913 -56.275921
60 -0.000026 -47.125210 -56.421947
61 -0.000026 -47.125019 -56.422646
62 -0.000021 -47.101479 -56.509228
63 -0.000013 -47.053001 -56.687508
64 -0.000013 -47.053001 -56.687508
65 -0.000010 -47.052376 -56.689541
66 -0.000003 -47.051750 -56.691574
67 -0.000004 -46.896492 -57.194904
68 -0.000004 -46.896477 -57.194950
69 -0.000006 -46.785271 -57.542435
70 -0.000006 -46.785259 -57.542469
71 -0.000006 -46.782619 -57.550716
72 -0.000005 -46.759682 -57.622391
73 -0.000003 -46.759678 -57.622402
74 -0.000002 -46.584309 -58.123581
75 -0.000000 -46.583683 -58.125271
76 -0.000004 -46.428730 -58.544579
77 -0.000004 -46.428730 -58.544582
78 -0.000072 -46.238289 -59.029999
79 -0.000003 -46.234737 -59.038857
80 -0.000003 -46.234734 -59.038872
81 -0.000002 -46.234730 -59.038879
82 -0.000000 -46.234039 -59.040531
83 0.000000 -46.060684 -59.452572
84 -0.000001 -45.888252 -59.847797
85 -0.000030 -45.847996 -59.940266
86 -0.000137 -45.846752 -59.943829
87 -0.000140 -45.846718 -59.943924
88 -0.002025 -45.823212 -60.011185
89 -0.000013 -45.656525 -60.344147
90 -0.000041 -45.653019 -60.351501
91 -0.000048 -45.652222 -60.353172
92 -0.000041 -45.569378 -60.525185
93 -0.000079 -45.442471 -60.788784
94 -0.000033 -45.428520 -60.817657
95 -0.000031 -45.428520 -60.817654
96 -0.000016 -45.428513 -60.817631
97 -0.000013 -45.428493 -60.817642
98 -0.000011 -45.428490 -60.817642
99 -0.000024 -45.428356 -60.817837
100 -0.000029 -45.428303 -60.817921
101 -0.000138 -45.427292 -60.819489
102 -0.000339 -45.425041 -60.822964
103 -0.000474 -45.000729 -61.624119
104 -0.000377 -44.999729 -61.625500
105 -0.002626 -44.954613 -61.689533
106 -0.002728 -44.951256 -61.695629
107 -0.000003 -44.740406 -62.076569
108 -0.000013 -44.557400 -62.388245
109 -0.000002 -44.513088 -62.463669
110 -0.000004 -44.513084 -62.463680
111 -0.000005 -44.511955 -62.465473
112 -0.000007 -44.510826 -62.467270
113 -0.000008 -44.509693 -62.469070
114 -0.000013 -44.230579 -62.913280
115 -0.000013 -44.230576 -62.913284
116 -0.000032 -44.032139 -63.219376
117 -0.000010 -43.986416 -63.289864
118 -0.000007 -43.986408 -63.289875
119 -0.000005 -43.986408 -63.289879
120 -0.000005 -43.782059 -63.589603
121 -0.000025 -43.781799 -63.589935
122 -0.000005 -43.687298 -63.728592
123 -0.000003 -43.687286 -63.728607
124 -0.000001 -43.426712 -64.094017
125 -0.000000 -43.426712 -64.094017
126 0.000000 -43.110023 -64.523422
127 -0.000021 -43.109207 -64.524704
128 -0.000998 -43.050095 -64.617645
129 -0.001052 -43.038784 -64.631157
130 -0.000018 -42.835693 -64.873840
131 -0.000033 -42.835308 -64.874283
132 -0.000112 -42.528530 -65.258987
133 -0.000027 -42.503719 -65.290085
134 -0.000023 -42.503571 -65.290321
135 -0.000071 -42.498707 -65.297646
136 -0.000144 -42.486217 -65.316437
137 0.000000 -42.212078 -65.630783
138 -0.000000 -42.090099 -65.772522
139 -0.000003 -42.076881 -65.787880
140 -0.000003 -42.076878 -65.787888
141 -0.000003 -42.075932 -65.788986
142 -0.000004 -41.959087 -65.924759
143 -0.000013 -41.898457 -65.995193
144 -0.000007 -41.897354 -65.996178
145 -0.000285 -41.860641 -66.029015
146 -0.000002 -41.558975 -66.361084
147 -0.000004 -41.558968 -66.361092
148 -0.000031 -41.557720 -66.362389
149 -0.000012 -41.252182 -66.688934
150 -0.000023 -41.252171 -66.688950
151 -0.000027 -41.250668 -66.690453
152 -0.000043 -40.876698 -67.064430
153 -0.000046 -40.876686 -67.064445
154 -0.000064 -40.631279 -67.304497
155 -0.000036 -40.555847 -67.378258
156 -0.000016 -40.555840 -67.378265
157 -0.000016 -40.555840 -67.378265
158 -0.000055 -40.166618 -67.739441
159 -0.000044 -40.166607 -67.739464
160 -0.000010 -40.165260 -67.740639
161 -0.000005 -40.163910 -67.741837
162 -0.000002 -40.162556 -67.743050
163 -0.000000 -40.161209 -67.744255
164 -0.000002 -39.832191 -68.038750
165 -0.000003 -39.832180 -68.038757
166 -0.000020 -39.429710 -68.385139
167 -0.000023 -39.429707 -68.385147
168 -0.000023 -39.082390 -68.669388
169 -0.000014 -39.082363 -68.669411
170 -0.000011 -39.081501 -68.670090
171 -0.000019 -38.724461 -68.954834
172 -0.000019 -38.723446 -68.955643
173 -0.000026 -38.673733 -68.995308
174 -0.000020 -38.612854 -69.043839
175 -0.000018 -38.612850 -69.043839
176 -0.000012 -38.609959 -69.045959
177 0.000000 -37.890526 -69.576897
178 0.000000 -37.890526 -69.576897
179 0.001241 -37.879524 -69.583244
180 0.000055 -37.519608 -69.829765
181 0.000075 -37.519104 -69.830124
182 0.000027 -37.512341 -69.834740
183 0.000036 -37.511616 -69.835266
184 0.000072 -37.398144 -69.912529
185 0.000037 -37.301018 -69.978523
186 0.000012 -37.226929 -70.028893
187 0.000006 -37.138065 -70.089340
188 0.000004 -37.137985 -70.089378
189 0.000005 -37.053101 -70.132553
190 0.000000 -36.692612 -70.369118
191 -0.000003 -36.688721 -70.371674
192 -0.000028 -36.417065 -70.539352
193 -0.000017 -36.306580 -70.607582
194 -0.000014 -36.306576 -70.607582
195 -0.000003 -36.305641 -70.608147
196 -0.000002 -36.305176 -70.608414
197 0.000000 -36.304745 -70.608658
198 -0.000001 -35.846775 -70.873070
199 -0.000009 -35.846733 -70.873100
200 -0.000009 -35.846718 -70.873108
201 -0.000073 -35.525070 -71.052574
202 -0.000011 -35.454765 -71.091759
203 -0.000010 -35.454750 -71.091766
204 -0.000018 -34.985313 -71.339874
205 -0.000017 -34.985306 -71.339874
206 -0.000025 -34.584068 -71.540970
207 -0.000021 -34.584049 -71.540977
208 -0.000026 -34.216125 -71.718155
209 -0.000026 -34.215694 -71.718361
210 -0.000029 -34.180122 -71.735489
211 -0.000029 -34.179867 -71.735611
212 -0.000028 -34.167297 -71.741669
213 -0.000010 -34.081715 -71.782890
214 -0.000008 -34.008823 -71.817993
215 0.000000 -34.008801 -71.818008
216 -0.000000 -33.209175 -72.166878
217 -0.000115 -33.205132 -72.169083
218 -0.000116 -33.205082 -72.169106
219 -0.000296 -33.199017 -72.172401
220 -0.000498 -33.186855 -72.179024
221 -0.000003 -32.791855 -72.331680
222 -0.000009 -32.715225 -72.361755
223 -0.000003 -32.572594 -72.417732
224 -0.000007 -32.468754 -72.458488
225 -0.000007 -32.468090 -72.458748
226 -0.000005 -32.385826 -72.491035
227 -0.000005 -32.385685 -72.491089
228 -0.000005 -32.350361 -72.504951
229 0.000000 -32.350285 -72.504967
230 0.000014 -32.348480 -72.505417
231 0.001090 -32.294834 -72.518784
232 -0.000000 -31.875839 -72.670952
233 -0.000004 -31.872963 -72.672005
234 -0.000059 -31.871881 -72.672440
235 -0.000091 -31.463758 -72.813118
236 -0.000001 -31.448668 -72.818214
237 -0.000008 -31.448648 -72.818222
238 -0.000026 -30.941242 -72.974739
239 -0.000032 -30.941229 -72.974739
240 -0.000033 -30.941000 -72.974808
241 -0.000070 -30.552551 -73.089706
242 -0.000029 -30.510859 -73.102051
243 -0.000029 -30.510859 -73.102051
244 -0.000007 -29.997959 -73.239479
245 -0.000007 -29.997955 -73.239479
246 -0.000004 -29.997931 -73.239487
247 -0.000003 -29.997915 -73.239487
248 0.000000 -29.996180 -73.239922
249 -0.000002 -29.562374 -73.347626
250 -0.000000 -29.562347 -73.347633
251 -0.000000 -29.560276 -73.348106
252 -0.000003 -29.044691 -73.465790
253 -0.000002 -29.044682 -73.465790
254 -0.000049 -28.604742 -73.554626
255 -0.000050 -28.604712 -73.554619
256 -0.000051 -28.604710 -73.554619
257 -0.000047 -28.602793 -73.554985
258 -0.000075 -28.221865 -73.627083
259 -0.000059 -28.125689 -73.645264
260 -0.000062 -28.082108 -73.653511
261 -0.000066 -28.080814 -73.653877
262 -0.000086 -28.070801 -73.656624
263 -0.000685 -28.021709 -73.670029
264 0.000000 -27.642014 -73.722176
265 -0.000016 -27.640615 -73.722366
266 -0.000008 -27.433495 -73.753571
267 -0.000008 -27.432167 -73.753769
268 -0.000007 -27.350573 -73.766068
269 -0.000010 -27.133144 -73.798836
270 -0.000000 -27.129829 -73.798897
271 0.000000 -27.128263 -73.798927
272 0.000000 -27.114178 -73.799194
273 -0.000000 -26.668493 -73.851196
274 0.000000 -26.665825 -73.851486
275 0.000000 -26.365412 -73.884857
276 0.000000 -26.222158 -73.900764
277 0.000000 -26.120501 -73.899307
278 0.000000 -25.695034 -73.940224
279 0.000000 -25.684769 -73.940971
280 0.000000 -25.408045 -73.959366
281 0.000000 -25.407393 -73.959412
282 -0.000005 -25.255100 -73.969543
283 0.000000 -25.244843 -73.970215
284 0.000000 -25.244843 -73.970215
285 0.000000 -25.244843 -73.970215
286 0.000000 -25.244843 -73.970215
287 0.000000 -25.244841 -73.970215
288 0.000000 -25.244841 -73.970215
289 -0.000000 -25.244825 -73.970215
290 0.000000 -24.714167 -73.990074
291 0.000000 -24.265499 -74.000000
292 0.000000 -24.265491 -74.000000
293 0.000000 -23.734503 -74.000000
294 0.000000 -23.734503 -74.000000
295 0.000000 -23.734503 -74.000000
296 0.000000 -23.734501 -74.000000
297 -0.000000 -23.285833 -73.990074
298 -0.000005 -23.285791 -73.990074
299 -0.000005 -23.285791 -73.990074
300 -0.000007 -23.285786 -73.990074
301 -0.000025 -22.805124 -73.972084
302 -0.000025 -22.803885 -73.972038
303 -0.000025 -22.776957 -73.971031
304 -0.000025 -22.769773 -73.970764
305 -0.000004 -22.755129 -73.970215
306 -0.000004 -22.755119 -73.970215
307 -0.000000 -22.729240 -73.971123
308 -0.000323 -22.653654 -73.973747
309 0.000000 -22.308052 -73.940514
310 0.000000 -21.820868 -73.903992
311 0.000000 -21.777561 -73.900772
312 -0.000017 -21.776857 -73.900780
313 -0.000538 -21.758717 -73.901001
314 -0.000045 -21.345327 -73.852798
315 -0.000076 -21.343285 -73.852539
316 -0.000041 -21.336803 -73.851791
317 -0.000089 -21.259983 -73.843147
318 -0.000100 -21.258118 -73.842941
319 -0.000083 -21.168627 -73.832855
320 -0.000083 -21.167900 -73.832771
321 -0.000061 -20.987015 -73.812386
322 -0.000029 -20.866714 -73.798828
323 -0.000027 -20.866716 -73.798828
324 -0.008300 -20.804790 -73.785606
325 -0.000009 -20.361090 -73.722603
326 -0.000021 -20.361048 -73.722603
327 -0.000022 -20.360281 -73.722481
328 -0.000037 -20.218040 -73.700279
329 -0.000037 -20.216385 -73.700020
330 -0.000030 -20.158916 -73.691048
331 -0.000056 -20.077538 -73.678345
332 -0.000025 -20.027431 -73.670525
333 -0.000020 -19.917027 -73.653290
334 -0.000017 -19.917015 -73.653290
335 -0.000015 -19.914927 -73.652893
336 -0.000005 -19.912834 -73.652496
337 -0.000002 -19.910746 -73.652100
338 -0.000002 -19.395287 -73.554573
339 -0.000016 -19.075769 -73.490097
340 -0.000002 -18.973730 -73.469505
341 -0.000000 -18.955324 -73.465790
342 -0.000001 -18.955301 -73.465782
343 -0.000001 -18.953228 -73.465309
344 -0.000003 -18.437653 -73.347633
345 -0.000002 -18.437626 -73.347626
346 0.000000 -18.435896 -73.347198
347 0.000000 -18.002079 -73.239487
348 0.000000 -18.002079 -73.239487
349 0.000000 -17.999990 -73.238930
350 -0.000007 -17.489714 -73.102203
351 -0.000000 -17.489130 -73.102043
352 -0.000000 -17.489130 -73.102043
353 0.000000 -17.058804 -72.974747
354 -0.000000 -17.058804 -72.974747
355 0.000000 -16.744181 -72.878250
356 0.000000 -16.551302 -72.818207
357 0.000000 -16.551277 -72.818199
358 0.000000 -16.545055 -72.816826
359 -0.000002 -16.543629 -72.816513
360 -0.000002 -16.495554 -72.805870
361 -0.000009 -16.127834 -72.672287
362 -0.000020 -15.800955 -72.557922
363 -0.000009 -15.649620 -72.504951
364 -0.000007 -15.649617 -72.504951
365 -0.000006 -15.649548 -72.504913
366 -0.000006 -15.649521 -72.504898
367 0.000000 -15.646997 -72.503616
368 0.000000 -15.627002 -72.493530
369 0.000001 -15.208230 -72.331711
370 0.000006 -14.928579 -72.221283
371 0.000000 -14.790795 -72.166870
372 -0.000000 -14.695941 -72.115143
373 0.000000 -14.355711 -71.975677
374 0.000254 -14.355412 -71.975571
375 0.000003 -14.305422 -71.955070
376 0.000033 -14.305097 -71.954941
377 0.000041 -14.304927 -71.954880
378 0.000023 -14.304487 -71.954689
379 0.000076 -13.961584 -71.801407
380 0.000020 -13.894352 -71.771362
381 0.000019 -13.894343 -71.771362
382 0.000012 -13.892846 -71.770645
383 0.000008 -13.892425 -71.770439
384 0.000001 -13.415972 -71.540993
385 0.000001 -13.415933 -71.540977
386 0.000000 -13.414330 -71.540176
387 0.000000 -13.014695 -71.339874
388 0.000000 -13.014695 -71.339874
389 0.000000 -13.014694 -71.339874
390 -0.000000 -12.545264 -71.091774
391 0.000001 -12.545221 -71.091751
392 0.000007 -12.153292 -70.873116
393 0.000012 -12.153269 -70.873100
394 0.000045 -11.705678 -70.614685
395 0.000010 -11.693330 -70.607552
396 0.000022 -11.691731 -70.606789
397 0.000037 -11.690198 -70.606049
398 0.000042 -11.689633 -70.605774
399 0.000041 -11.607658 -70.566170
400 0.000041 -11.366149 -70.407677
401 0.000000 -11.313630 -70.373215
402 0.000006 -11.312436 -70.372429
403 0.000000 -11.311806 -70.372017
404 0.000001 -11.311798 -70.372009
405 0.000007 -11.311792 -70.372002
406 0.000009 -11.311790 -70.371994
407 0.000005 -11.311735 -70.371964
408 0.000024 -10.955976 -70.148399
409 0.000008 -10.861864 -70.089287
410 0.000005 -10.861862 -70.089294
411 0.000002 -10.861858 -70.089294
412 0.000000 -10.861856 -70.089294
413 0.000000 -10.861851 -70.089294
414 -0.000000 -10.861840 -70.089287
415 0.000000 -10.861401 -70.089066
416 0.000000 -10.859976 -70.088341
417 -0.000000 -10.856948 -70.086800
418 -0.000000 -10.850555 -70.083549
419 0.000000 -10.109441 -69.576874
420 0.000000 -10.109414 -69.576851
421 0.000000 -10.108484 -69.576012
422 0.000000 -10.108462 -69.575989
423 0.000000 -10.107708 -69.575317
424 0.000000 -10.106703 -69.574417
425 -0.000000 -10.057465 -69.530434
426 -0.000002 -9.692486 -69.269142
427 -0.000002 -9.370849 -69.028877
428 0.000000 -9.332790 -69.000443
429 0.000000 -8.917598 -68.669334
430 -0.000012 -8.634725 -68.437798
431 0.000000 -8.570331 -68.385139
432 -0.000000 -8.568695 -68.383736
433 -0.000000 -8.167815 -68.038757
434 -0.000001 -7.833401 -67.739433
435 0.000000 -7.831844 -67.737991
436 -0.000003 -7.444160 -67.378265
437 -0.000003 -7.444144 -67.378250
438 -0.000007 -7.123298 -67.064423
439 -0.000006 -7.123291 -67.064415
440 -0.000005 -6.766722 -66.707848
441 -0.000005 -6.766646 -66.707771
442 -0.000005 -6.747811 -66.688934
443 -0.000007 -6.747740 -66.688873
444 -0.000124 -6.744586 -66.686195
445 -0.000278 -6.739836 -66.682159
446 -0.001007 -6.709054 -66.656029
447 -0.000010 -6.442029 -66.362183
448 -0.000005 -6.441299 -66.361374
449 -0.000009 -6.441301 -66.361374
450 -0.000022 -6.440525 -66.360527
451 -0.000033 -6.440118 -66.360085
452 -0.000023 -6.235149 -66.139183
453 -0.000023 -6.234947 -66.138962
454 -0.000019 -6.184452 -66.084549
455 -0.000004 -6.101436 -65.995087
456 0.000000 -6.098436 -65.990860
457 -0.000000 -6.083102 -65.969254
458 0.000000 -5.788377 -65.631310
459 0.000001 -5.788322 -65.631241
460 0.000007 -5.742993 -65.578293
461 0.000038 -5.552018 -65.355186
462 0.000038 -5.551844 -65.354980
463 0.000039 -5.537509 -65.338234
464 0.000038 -5.537322 -65.338013
465 0.000037 -5.525792 -65.324547
466 0.000009 -5.496163 -65.289932
467 0.000006 -5.496150 -65.289909
468 0.000003 -5.496119 -65.289864
469 0.000000 -5.432882 -65.194725
470 0.000000 -5.165213 -64.874931
471 0.000005 -5.165174 -64.874886
472 0.000009 -5.165174 -64.874886
473 0.000004 -5.164395 -64.873894
474 0.000012 -5.008064 -64.674011
475 0.000002 -4.984977 -64.644478
476 0.000000 -4.888608 -64.521255
477 0.000000 -4.888607 -64.521255
478 0.000000 -4.573289 -64.094017
479 -0.000000 -4.571204 -64.091095
480 0.000000 -4.570162 -64.089630
481 0.000000 -4.312706 -63.728596
482 0.000000 -4.311530 -63.726871
483 0.000000 -4.018906 -63.297672
484 -0.000001 -4.013588 -63.289871
485 -0.000008 -4.013581 -63.289864
486 -0.000009 -4.012942 -63.288879
487 -0.000014 -3.769423 -62.913284
488 -0.000015 -3.769422 -62.913280
489 -0.000051 -3.528715 -62.530190
490 -0.000012 -3.486873 -62.463608
491 -0.000009 -3.486872 -62.463608
492 -0.000007 -3.486870 -62.463608
493 0.000000 -3.486861 -62.463600
494 0.000000 -3.486851 -62.463585
495 -0.000002 -3.486771 -62.463478
496 -0.000012 -3.486119 -62.462593
497 -0.000115 -3.482156 -62.457218
498 -0.000334 -3.434121 -62.392143
499 0.000000 -3.259938 -62.077183
500 -0.000001 -3.259918 -62.077145
501 -0.000008 -3.259912 -62.077129
502 -0.000011 -3.259912 -62.077126
503 -0.000015 -3.259908 -62.077118
504 -0.000006 -3.259741 -62.076820
505 -0.000006 -3.259740 -62.076817
506 -0.000003 -3.259681 -62.076714
507 -0.000018 -3.164806 -61.912384
508 -0.000003 -3.150152 -61.887005
509 -0.000008 -3.079099 -61.763935
510 -0.000003 -3.002381 -61.631054
511 -0.000003 -3.002368 -61.631031
512 -0.000003 -2.999076 -61.625332
513 -0.000041 -2.993969 -61.616512
514 -0.000051 -2.993827 -61.616318
515 -0.000071 -2.993490 -61.615841
516 -0.000375 -2.990506 -61.611538
517 -0.000361 -2.989017 -61.608723
518 -0.000351 -2.987927 -61.606659
519 -0.000317 -2.965775 -61.564621
520 -0.000055 -2.571402 -60.817585
521 -0.000018 -2.571471 -60.817585
522 -0.000012 -2.571481 -60.817585
523 -0.000007 -2.571487 -60.817593
524 -0.000005 -2.571488 -60.817589
525 -0.000005 -2.571488 -60.817589
526 -0.000001 -2.571483 -60.817574
527 0.000000 -2.571479 -60.817562
528 0.000000 -2.571091 -60.816517
529 0.000467 -2.544923 -60.746086
530 0.000015 -2.344693 -60.346581
531 0.000017 -2.344102 -60.345406
532 0.000008 -2.343890 -60.344982
533 0.000014 -2.258364 -60.164471
534 0.000005 -2.243267 -60.132610
535 0.000008 -2.179025 -59.997017
536 0.000005 -2.151660 -59.939270
537 0.000004 -2.151660 -59.939270
538 0.000002 -2.150804 -59.937317
539 0.000002 -2.149955 -59.935364
540 -0.000000 -2.149107 -59.933422
541 0.000001 -1.939314 -59.452572
542 0.000002 -1.939309 -59.452560
543 0.000004 -1.795539 -59.110821
544 0.000003 -1.765269 -59.038876
545 0.000001 -1.765266 -59.038872
546 0.000000 -1.765264 -59.038868
547 0.000000 -1.765260 -59.038860
548 0.000000 -1.571270 -58.544579
549 0.000000 -1.571270 -58.544579
550 0.000000 -1.570647 -58.542896
551 -0.000011 -1.415663 -58.123589
552 -0.000010 -1.415641 -58.123512
553 -0.000019 -1.257733 -57.672344
554 -0.000013 -1.240288 -57.622414
555 -0.000013 -1.240283 -57.622414
556 0.000000 -1.240280 -57.622398
557 0.000000 -1.239771 -57.620682
558 -0.000000 -1.103519 -57.194939
559 -0.000002 -1.103514 -57.194927
560 -0.000006 -1.020363 -56.925354
561 -0.000004 -0.955538 -56.715195
562 -0.000001 -0.946996 -56.687504
563 -0.000001 -0.946986 -56.687481
564 -0.000048 -0.945313 -56.683327
565 -0.000048 -0.945283 -56.683254
566 -0.000917 -0.930419 -56.646233
567 -0.000003 -0.829297 -56.254646
568 -0.000001 -0.829256 -56.254486
569 -0.000003 -0.801248 -56.149956
570 -0.000002 -0.752647 -55.968575
571 -0.000002 -0.752646 -55.968571
572 -0.000002 -0.752355 -55.967487
573 -0.000002 -0.752352 -55.967476
574 -0.000002 -0.751496 -55.964279
575 -0.000003 -0.727374 -55.874249
576 -0.000017 -0.706249 -55.795383
577 -0.000004 -0.701603 -55.778069
578 -0.000003 -0.701604 -55.778069
579 -0.000000 -0.701604 -55.778069
580 -0.000235 -0.696611 -55.740269
581 -0.000000 -0.593316 -55.303638
582 -0.000001 -0.575748 -55.225533
583 -0.000002 -0.572807 -55.212452
584 -0.000002 -0.572622 -55.211628
585 -0.000001 -0.549630 -55.109406
586 -0.000001 -0.549464 -55.108669
587 -0.000002 -0.535824 -55.048027
588 -0.000002 -0.535763 -55.047752
589 -0.000003 -0.520485 -54.979828
590 -0.000003 -0.520169 -54.978428
591 -0.000008 -0.510636 -54.936028
592 -0.000002 -0.497153 -54.876095
593 -0.000001 -0.494797 -54.865620
594 -0.000708 -0.482538 -54.745560
595 0.000000 -0.396214 -54.344509
596 0.000000 -0.395790 -54.342258
597 0.000000 -0.321105 -53.924652
598 0.000000 -0.321008 -53.924110
599 -0.000000 -0.317054 -53.902065
600 0.000000 -0.317054 -53.902065
601 0.000000 -0.317054 -53.902065
602 0.000000 -0.317054 -53.902065
603 0.000000 -0.317053 -53.902061
604 0.000000 -0.317053 -53.902061
605 0.000000 -0.317053 -53.902061
606 0.000000 -0.237916 -53.376999
607 0.000000 -0.183149 -52.966869
608 0.000001 -0.179212 -52.937386
609 0.000001 -0.178510 -52.932129
610 0.000001 -0.178509 -52.932125
611 0.000001 -0.119203 -52.405762
612 0.000004 -0.119058 -52.404472
613 0.000001 -0.079391 -51.957413
614 0.000001 -0.079391 -51.957413
615 0.000001 -0.079391 -51.957413
616 0.000000 -0.079390 -51.957409
617 0.000000 -0.079305 -51.956268
618 0.000000 -0.046355 -51.516579
619 0.000000 -0.039708 -51.427891
620 -0.000019 -0.039542 -51.426796
621 -0.000306 -0.027295 -51.346275
622 0.000000 -0.019857 -50.979584
623 -0.000001 -0.019857 -50.979580
624 -0.000002 -0.019858 -50.979580
625 -0.000003 -0.019859 -50.979580
626 -0.000004 -0.019861 -50.979576
627 -0.000004 -0.019836 -50.978916
628 -0.000001 -0.011261 -50.749805
629 -0.000001 -0.008378 -50.672768
630 -0.000087 -0.000423 -50.462242
631 -0.000003 0.000002 -50.448849
632 -0.000000 0.000000 -50.448849
633 0.000000 0.000000 -50.448849
634 -0.000000 -0.000000 -50.347054
635 0.000000 -0.000000 -25.000000
636 0.000000 0.000000 -25.000000
637 -0.000000 0.000000 -25.000000
638 -0.000000 0.000000 -25.000000
639 -0.000000 0.000000 0.000000
